0001,299319.12
0004,305218.16000000003
0010,292458.81
0031,303806.69
0051,290241.38000000006
0053,300131.07999999996
0055,311152.26999999996
0092,306998.48000000004
0095,293567.97000000003
0111,320872.79
0118,305104.83
0128,317569.49
0136,302787.11000000004
0137,297784.36000000004
0159,293765.95999999996
0164,299498.93999999994
0175,308625.68000000005
0181,306264.92999999993
0182,317088.8599999999
0189,281800.78
0202,300255.98
0203,309345.51
0206,285935.67
0211,293761.80999999994
0220,285750.37000000005
0232,295147.8
0234,320246.32
0240,302281.29000000004
0241,293745.03
0263,307862.5600000001
0273,287324.42
0295,308982.59
0296,311468.14
0317,295787.48000000004
0327,289831.51
0328,307298.73000000004
0329,297525.81
0332,309457.04999999993
0333,313001.46
0336,296841.76000000007
0362,276511.2100000001
0365,315629.98
0371,294476.52999999997
0388,323099.00999999995
0389,294049.22000000003
0392,302918.9
0405,286309.99
0406,304700.9200000001
0419,300690.18000000005
0423,323232.81
0426,293845.81
0437,304479.94
0446,312589.76
0448,290790.80000000005
0451,296450.89999999997
0462,301489.8600000001
0463,311369.8300000001
0464,313485.97000000003
0487,285529.57
0489,298184.7
0510,334662.39
0511,296431.08
0516,307721.87000000005
0517,303354.81
0522,300757.07999999996
0526,310385.74
0527,288011.36999999994
0530,315143.71
0532,299907.31000000006
0536,298150.56
0540,305649.82
0552,300088.61
0555,288277.61000000004
0573,299389.66000000003
0580,313425.9
0582,287302.8900000001
0596,295582.68
0598,305261.13000000006
0601,283377.67
0608,314093.49
0612,290262.96
0619,265328.74
0624,301133.89999999997
0627,285744.19000000006
0631,312307.85000000003
0632,308971.00999999995
0644,324030.3499999999
0659,327730.66000000003
0661,327714.5
0673,308277.60000000003
0687,309469.28
0690,297682.74
0692,303991.1000000001
0695,309138.69000000006
0703,287004.49999999994
0717,289111.06999999995
0727,286695.93
0741,293664.41000000003
0750,328705.87999999995
0753,300164.61999999994
0755,313258.51000000007
0771,298577.62
0777,292039.03
0788,298644.86
0796,295898.27
0800,288397.7299999999
0808,326832.29
0814,299160.92
0839,321862.63999999996
0855,305655.9800000001
0875,292000.02
0886,301346.86
0897,300264.85000000003
0913,305636.44999999995
0914,302136.95999999996
0938,282034.49
0952,300259.96
0959,307550.74999999994
0961,307661.54
0967,301612.12999999995
0970,290198.94
0986,308497.85
0991,289914.69999999995
0992,272547.98
0995,297929.3
