0007,324738.17999999993
0012,299438.95000000007
0020,290504.11999999994
0045,326821.48000000004
0048,334287.29
0083,322868.97
0087,337729.52999999997
0099,280876.68999999994
0106,295587.80999999994
0121,296728.29
0140,283558.62
0157,322168.85
0168,292007.61
0173,300182.9099999999
0183,303793.24999999994
0187,293964.51
0205,322697.87
0214,300379.51
0224,330059.36
0237,309687.82999999996
0238,292948.55
0247,315073.6699999999
0252,300952.51999999996
0260,301042.62000000005
0266,299925.96
0267,320979.08
0276,303021.78
0281,303496.23000000004
0287,293049.89999999997
0297,294005.3
0298,293628.54
0301,293834.91
0306,275642.98
0312,299416.10000000003
0318,324848.3699999999
0326,317741.04000000004
0341,304627.88
0342,325600.3300000001
0350,323001.03
0353,290071.57999999996
0360,318647.83
0370,306848.8
0376,278317.55000000005
0383,308345.86
0407,309732.47
0411,293324.5199999999
0415,298488.72000000003
0416,305703.35000000003
0430,327351.75
0434,307825.3
0436,309511.2100000001
0454,318225.51
0470,306130.82
0472,284350.28
0481,317337.75999999995
0484,312440.28
0498,302734.8400000001
0512,278899.13
0513,318001.24
0520,293177.67999999993
0528,308272.72
0539,296420.93999999994
0554,307599.44
0562,285109.78
0577,281052.82
0581,302601.9799999999
0591,300969.6400000001
0607,300269.16000000003
0618,312894.33999999997
0639,268221.48
0643,302729.82
0648,283285.60000000003
0650,316700.05999999994
0652,308791.04000000004
0655,296778.82
0665,296901.98
0671,296657.4100000001
0677,296265.54000000004
0680,306272.52999999997
0694,303635.25000000006
0714,299020.68
0720,294859.11999999994
0731,296874.49000000005
0746,300739.65
0749,307677.26
0763,288471.74
0767,309251.25
0768,332198.1099999999
0782,302174.8
0783,292439.84
0784,306017.12000000005
0806,302422.68
0830,304742.74
0831,301480.77
0832,296408.85
0833,290543.77999999997
0860,307191.11
0861,319867.4
0864,319723.65
0866,289581.7
0869,296650.74000000005
0884,301853.66000000003
0903,307606.2900000001
0915,315543.16
0927,306194.72000000003
0940,333609.74
0945,307690.04
0953,313767.30000000005
0956,314764.9
0969,319694.48
0972,314247.76
0975,286175.92000000004
0978,319964.01
