0009,305006.19
0011,295569.44
0013,292373.45
0014,322897.9799999999
0017,290338.82
0028,309496.1599999999
0038,280962.74
0059,304708.85
0060,304172.63999999996
0061,280322.30000000005
0068,308810.28999999986
0073,300837.37999999995
0088,268456.16000000003
0090,328487.65
0097,300599.22
0101,307171.38000000006
0103,302978.92000000004
0114,294400.63999999996
0119,303086.05999999994
0122,317771.6400000001
0123,320404.82
0126,286027.73
0142,303252.15
0150,276996.55000000005
0153,297527.6100000001
0155,311872.20999999996
0163,289902.80999999994
0167,287238.98000000004
0169,320584.9000000001
0171,292863.95999999996
0176,298503.94000000006
0185,303545.5200000001
0186,309338.30999999994
0193,293726.82
0213,316124.7900000001
0226,299192.69000000006
0231,301363.94999999995
0235,301729.88
0246,299585.83
0253,290228.54
0255,304193.37
0256,289279.86000000004
0265,313131.76000000007
0271,292347.67
0272,297785.4799999999
0280,294183.93
0300,294245.23
0310,299753.81
0321,299275.64
0324,287521.89
0349,279851.25999999995
0361,312896.7699999999
0366,298974.48
0368,307956.64999999997
0373,275458.62000000005
0374,303764.0
0380,312355.43
0385,298517.42
0391,304879.95000000007
0396,311631.95
0400,307614.17000000004
0429,306677.76
0440,306941.9199999999
0445,293639.61
0469,285486.71
0495,302511.81999999995
0502,298580.27
0504,293611.24999999994
0505,312795.48
0515,300350.37000000005
0518,274914.47
0529,290473.26
0533,304782.68000000005
0537,295985.31000000006
0547,310081.5900000001
0557,307374.6699999999
0571,314805.24
0572,293428.72
0585,301278.50000000006
0597,294894.6899999999
0616,285145.28
0623,293745.21
0628,295703.67000000004
0629,305618.67
0633,289633.7200000001
0645,293923.73000000004
0646,290058.27999999997
0657,283968.23999999993
0662,296036.99
0670,318082.17
0678,305413.33999999997
0696,290658.64
0697,302322.17
0699,316486.41
0708,283473.54
0719,294493.79000000004
0725,281910.45999999996
0729,305203.0800000001
0730,308795.63
0734,311455.13999999996
0735,293636.36
0739,296316.93999999994
0742,308500.83
0756,311471.4799999999
0758,299797.22000000003
0761,307783.26999999996
0765,289133.65
0772,294166.55000000005
0773,312567.6
0775,319648.1800000001
0802,298428.66000000003
0804,311428.24
0805,305707.41000000003
0811,294823.04
0813,302045.22000000003
0818,294007.02999999997
0821,317682.24
0825,289094.97
0840,314755.8900000001
0851,315453.25000000006
0853,302759.19999999995
0856,311610.31999999995
0859,306908.25999999995
0885,299957.19
0900,312262.26
0906,292334.97
0907,303440.76
0918,271570.17
0924,285850.05000000005
0932,316086.79
0933,304003.65
0934,284211.37000000005
0943,280749.31999999995
0973,314747.15
0976,320077.46
0999,302647.49
1000,293269.51
