0002,303269.3699999999
0018,314585.57999999996
0022,322050.06999999995
0029,291460.68
0037,295754.31
0040,305046.13
0049,303960.14999999997
0052,314031.51
0062,309485.32
0063,303951.17
0066,304772.26
0077,304645.69999999995
0078,301915.35000000003
0082,314796.58
0086,300405.9
0098,298486.39999999997
0115,297583.31999999995
0130,308213.14999999997
0131,304692.85
0133,284190.22000000003
0148,300049.91
0178,321861.5
0188,279982.87
0217,288193.62999999995
0218,307489.14999999997
0221,293977.3899999999
0229,292591.68999999994
0233,290449.47000000003
0254,275595.11000000004
0257,293230.58
0268,291503.4799999999
0284,312343.44
0285,297236.19
0289,292583.26000000007
0323,289898.18000000005
0337,284185.83999999997
0344,294613.64999999997
0346,318264.30000000005
0347,312450.54999999993
0357,320769.77
0393,316602.66000000003
0397,320469.25999999995
0398,313286.45000000007
0404,308601.19999999995
0421,315281.67000000004
0432,302485.95
0447,277534.06
0449,291251.05000000005
0450,290160.32999999996
0453,332703.28
0455,290128.92000000004
0457,314064.6
0468,293751.18
0473,279567.80000000005
0480,314610.19
0485,296161.72
0509,312817.94999999995
0525,308042.77
0545,297491.43
0553,317660.19
0556,308158.76
0563,314871.19000000006
0568,287321.48000000004
0576,297552.35
0578,295481.22000000003
0579,302007.8800000001
0605,309930.24
0626,271996.3900000001
0635,292541.49
0641,299140.45999999996
0654,304975.8600000001
0664,285280.9800000001
0667,301240.66000000003
0668,309764.42000000004
0672,306515.61
0674,308881.25000000006
0675,302784.85
0679,299464.38
0689,298398.3900000001
0691,309863.85000000003
0707,303970.61
0709,312883.93
0716,307840.26000000007
0726,299843.39999999997
0760,291468.14999999997
0781,284835.35
0791,307186.76
0803,318325.67000000004
0816,292531.19
0822,310148.0399999999
0842,285083.88999999996
0845,300982.41000000003
0854,310411.97000000003
0863,322539.26999999996
0871,293192.96
0874,319919.57000000007
0878,303250.22000000003
0882,303734.12000000005
0889,317905.83999999997
0893,291755.89
0895,305184.39
0896,296425.82
0899,302344.67
0908,291335.89
0912,307967.19
0941,308574.04999999993
0957,299635.13999999996
0965,313082.79000000004
0974,304913.54999999993
0981,295470.88000000006
0984,281298.55999999994
0994,301576.7
