0006,295565.23000000004
0016,323405.81
0019,305634.3600000001
0025,297896.85
0042,304270.48
0043,303814.4600000001
0044,298366.01
0047,286603.45
0056,286038.53
0067,305989.55000000005
0070,305682.70999999996
0071,309225.71
0075,314571.08999999997
0076,301406.31999999995
0102,301795.67999999993
0104,316278.93000000005
0135,331329.74999999994
0145,310752.1400000001
0146,300863.39
0149,307440.11
0152,307697.76
0172,332596.65
0196,287681.91000000003
0197,319496.67
0200,292578.07
0209,279953.96
0212,308995.41
0222,310893.1
0225,302654.74999999994
0230,304492.88
0236,295832.28
0249,285491.43
0250,317160.17
0251,315828.51
0262,302510.32000000007
0279,317410.80999999994
0288,291681.68000000005
0293,330434.66000000003
0304,289684.99999999994
0305,317844.93
0311,321619.91000000003
0319,299167.21
0335,313570.74999999994
0338,295714.98000000004
0343,305101.1099999999
0351,288649.8500000001
0352,312169.95
0356,304306.8300000001
0359,271067.11000000004
0369,293128.51
0375,308589.8500000001
0377,299650.83999999997
0384,329321.28
0386,315035.8
0409,290015.12
0412,297293.23000000004
0414,301401.53
0424,311262.3
0427,295915.82
0428,303012.9700000001
0438,293179.42
0459,282780.45999999996
0474,294092.0
0475,310607.2299999999
0478,313750.79
0507,308303.94
0514,314097.68999999994
0524,315221.59
0531,313880.78
0534,309497.33999999997
0535,307050.8900000001
0541,297896.7
0542,321551.55999999994
0546,317483.75
0548,293533.94
0550,315055.72
0559,283060.2900000001
0564,304582.33
0569,292876.2199999999
0586,300236.4600000001
0587,308748.74
0589,315227.72000000003
0592,303483.24000000005
0620,304095.41000000003
0634,286887.07
0642,293985.91000000003
0647,293405.69000000006
0663,289880.31999999995
0666,293662.56999999995
0669,301636.47000000003
0684,295537.09
0685,313907.56999999995
0688,303941.93
0701,294314.5999999999
0705,324036.0
0710,313771.32000000007
0721,317969.22000000003
0722,316439.1999999999
0724,294327.42
0738,303095.99
0745,307907.88
0752,298972.08999999997
0754,305579.20000000007
0779,304363.91999999987
0785,303628.62
0789,288132.79000000004
0793,305259.87999999995
0799,304926.29000000004
0801,301455.15
0812,299866.56
0824,307158.45
0848,303331.23
0850,284099.88
0852,292657.52
0865,291749.7
0877,333941.82
0880,304539.30000000005
0883,299765.7900000001
0888,304451.3599999999
0894,304386.45999999996
0925,292654.02
0936,306771.07999999996
0937,299820.42
0944,304641.62
0947,310717.47
0955,326972.36
0958,279177.00999999995
0964,286338.0800000001
0966,300407.50999999995
0968,303955.1400000001
0989,293757.67
0993,306566.49
0997,290030.18
