0003,307642.33
0005,293325.95999999996
0008,299689.7899999999
0021,290662.56
0026,299625.45
0034,289699.81
0035,313462.2
0039,292697.11000000004
0041,310126.69
0046,296860.63
0058,323382.17999999993
0064,296748.55000000005
0080,303633.74
0084,304045.32999999996
0096,324363.4600000001
0105,309142.6100000001
0107,311270.5600000002
0117,306416.02
0124,333911.76
0132,298827.01
0138,307406.67
0139,296480.67
0143,319808.24
0166,306864.74
0170,306304.91
0174,286208.79000000004
0190,302649.46
0191,292909.38999999996
0194,304082.3600000001
0207,308127.54
0228,292132.21
0243,298603.27
0248,292747.2299999999
0259,312710.86000000004
0278,297681.82
0283,306372.04999999993
0290,273949.17000000004
0294,292081.95000000007
0299,306383.64
0302,299205.27999999997
0303,325505.45000000007
0307,280467.10000000003
0313,297842.93000000005
0314,293115.3300000001
0316,299666.7700000001
0322,286101.04000000004
0334,312954.7799999999
0340,307783.32999999996
0348,297850.93000000005
0363,311969.07
0364,302460.26
0378,301072.6
0387,298456.89
0410,311733.44
0417,292210.11000000004
0422,324199.43000000005
0439,285621.9000000001
0441,304801.4
0444,298097.7
0456,303369.55999999994
0460,315594.83999999997
0461,279674.62
0465,310398.8499999999
0467,295288.12
0477,306937.9900000001
0486,299157.47
0490,330550.7200000001
0493,297256.76
0501,298328.6000000001
0519,294441.32000000007
0521,296472.73
0523,290606.04
0551,294063.99
0588,316809.4900000001
0593,298199.25
0595,290228.33
0600,324676.92000000004
0603,293353.2
0610,297512.18
0614,302001.3300000001
0615,297116.62
0617,312929.16
0622,282474.31999999995
0625,314318.94000000006
0636,302939.45000000007
0638,297889.55
0649,290168.15
0653,305139.47
0660,314390.39
0681,284333.31
0683,292233.77999999997
0693,293020.56
0700,294932.17
0704,289229.06
0706,300014.09
0713,314528.07
0748,296774.88
0757,289005.56999999995
0762,295085.6
0769,283866.0400000001
0780,295512.52
0786,295579.55000000005
0792,298241.19999999995
0795,300514.45
0807,321722.63
0823,328589.7400000001
0826,291577.42999999993
0834,298520.45
0836,314127.5
0843,293899.15
0844,306021.4099999999
0847,298906.36
0858,298185.64
0867,294631.6699999999
0868,286133.23
0898,285111.26999999996
0901,315327.46
0904,296742.98
0910,300477.23
0919,291813.68
0920,316997.79000000004
0921,291335.43
0923,304637.0800000001
0942,303663.37
0946,317933.67999999993
0950,304821.59
0954,302230.11
0963,279967.69
0971,307307.16
0979,302602.62
0980,298474.48
0983,307301.18999999994
0985,308385.8599999999
0990,317857.2
