0015,319924.60999999987
0023,299065.56000000006
0024,306553.56
0033,313226.75000000006
0036,291405.89999999997
0050,280443.38
0054,309099.75
0065,295228.26000000007
0069,300402.26
0072,302575.5800000001
0074,296430.91000000003
0079,307725.60000000003
0085,297805.14999999997
0100,295253.2299999999
0109,296188.97
0112,292727.84
0120,308527.18999999994
0141,288451.99
0144,311969.48
0151,305798.4
0177,311002.20000000007
0192,285542.58
0195,303056.9
0198,298113.26000000007
0199,294675.31
0201,305318.79000000004
0204,316601.08
0210,308163.27
0215,317898.96
0227,295356.03
0239,299014.48
0242,295449.94
0244,312786.49
0245,299300.8
0258,320586.01
0261,304087.35
0264,307510.88
0270,298398.76
0274,305374.73
0277,300622.95999999996
0286,279694.07
0291,296602.47
0308,285066.52
0309,296368.33
0320,295340.4200000001
0325,303333.20999999996
0330,298482.62
0354,315536.06
0367,306810.4799999999
0381,277656.36999999994
0399,314876.31000000006
0401,287587.28
0403,296348.35000000003
0418,304425.91
0425,293913.78
0433,307427.53
0458,301881.35
0466,295806.08999999997
0471,312384.33
0476,284108.38999999996
0491,304627.9999999999
0492,301933.62
0497,296806.24
0499,311713.41
0500,322529.45
0506,303525.27999999997
0543,312156.12
0544,281973.07
0549,301760.64999999997
0561,290552.35
0565,308299.23
0570,286939.45
0594,301408.1299999999
0599,313915.29
0602,324005.55999999994
0609,319483.77999999997
0611,300886.05999999994
0613,306745.24000000005
0621,283529.96
0630,292922.41000000003
0637,322809.5
0656,305139.38
0682,301047.18
0686,312266.42000000004
0698,287666.53
0702,306573.28
0711,300245.72
0712,307535.1600000001
0732,298307.8199999999
0737,303641.1599999999
0776,305944.67999999993
0778,294825.75
0810,314872.3000000001
0817,308913.71
0820,305698.1799999999
0838,279678.87
0846,294863.7
0857,327606.39
0870,301966.65
0876,289763.51999999996
0887,294722.96
0890,298724.37
0891,298643.6
0892,291782.31
0902,303037.23000000004
0905,308037.18
0926,307562.1
0928,271844.31
0929,309989.35
0930,296598.84
0951,316054.57999999996
0962,308736.99
0977,309426.41
0988,305261.91000000003
0996,305133.7699999999
0998,302321.03
