0027,280023.92
0030,306253.95999999996
0032,301894.86000000004
0057,299800.83999999997
0081,291032.82
0089,298785.91
0091,287383.52
0093,318888.48
0094,313647.94000000006
0108,293462.54
0110,298752.21
0113,287090.91
0116,311536.0300000001
0125,285344.62
0127,287913.25
0129,298022.77
0134,309171.63999999996
0147,305618.84
0154,291369.24999999994
0156,315929.52
0158,301622.98
0160,289597.04
0161,316595.2299999999
0162,290528.19000000006
0165,304201.06
0179,306599.05000000005
0180,303759.69
0184,321400.49999999994
0208,289237.19
0216,325339.93
0219,303216.54000000004
0223,290705.73
0269,315678.91000000003
0275,310459.43
0282,312156.37000000005
0292,300343.04
0315,314249.75
0331,301161.44
0339,293830.18000000005
0345,309918.8300000001
0355,310736.97
0358,299054.42
0372,319812.06000000006
0379,294884.49
0382,306351.42000000004
0390,293689.14999999997
0394,288675.46
0395,328543.20999999996
0402,299028.24
0408,296882.0999999999
0413,303117.81
0420,305715.99999999994
0431,325919.93
0435,302075.0
0442,293874.31999999995
0443,307695.62999999995
0452,310683.62000000005
0479,304683.32
0482,293588.93
0483,302858.01
0488,304340.11000000004
0494,310736.0799999999
0496,325581.22
0503,295444.6699999999
0508,301213.99999999994
0538,295398.6599999999
0558,322320.7899999999
0560,280688.1
0566,297699.19000000006
0567,314151.92999999993
0574,304391.41000000003
0575,309623.07
0583,290276.09
0584,282889.97000000003
0590,296686.05000000005
0604,303680.76
0606,294062.6
0640,307621.58999999997
0651,307435.63
0658,295558.7200000001
0676,308175.28
0715,316118.04
0718,306786.36000000004
0723,299682.99
0728,299294.87
0733,318508.22000000003
0736,308225.14999999997
0740,297990.27
0743,293202.26
0744,291674.31999999995
0747,305855.03
0751,308814.7100000001
0759,284046.82
0764,293100.07
0766,304789.07999999996
0770,302076.79000000004
0774,286925.9
0787,281931.74000000005
0790,291754.98000000004
0794,296104.09
0797,307896.71
0798,300921.8
0809,292945.82999999996
0815,333142.02999999997
0819,307517.2899999999
0827,308276.67
0828,302593.63999999996
0829,306385.47000000003
0835,317518.65
0837,309423.11999999994
0841,322978.77
0849,305187.78
0862,298594.84
0872,280681.1500000001
0873,293888.32
0879,296870.2200000001
0881,304091.3499999999
0909,307676.07
0911,307532.55999999994
0916,307119.35
0917,303992.46
0922,293714.33999999997
0931,280856.06
0935,301970.92999999993
0939,306190.92
0948,301910.34
0949,294264.49000000005
0960,288342.38
0982,300293.48000000004
0987,305802.55999999994
